2   1   1
1.28030945832658 -2.2175610312326244 0.0000
1.28030945832658 2.2175610312326244 0.00000
0.0 0.0 500.00000
6
1.0 0.0 0.0
0.0 1.0 0.0
0.0 0.0 1.0
0.0 0.0 0.0
-0.5 -0.8660254 0.0
0.8660254 -0.5 0.0
0.0 0.0 1.0
0.0 0.0 0.0
-0.5 0.8660254 0.0
-0.8660254 -0.5 0.0
0.0 0.0 1.0
0.0 0.0 0.0
-1.0 -0.0 0.0
-0.0 1.0 0.0
0.0 0.0 1.0
0.0 0.0 0.0
0.5 0.8660254 0.0
0.8660254 -0.5 0.0
0.0 0.0 1.0
0.0 0.0 0.0
0.5 -0.8660254 0.0
-0.8660254 -0.5 0.0
0.0 0.0 1.0
0.0 0.0 0.0
3
29 1.28031 0.73919 1.04537
8 1.28031 2.21756 -0.95463
8 0.0 1.47837 3.04537
164 12